000001
000002
000063
000069
000100
000157
000166
000333
000338
000402
000408
000413
000415
000423
000425
000538
000553
000568
000596
000625
000627
000629
000630
000651
000656
000661
000671
000703
000709
000725
000728
000768
000776
000783
000786
000858
000876
000895
000898
000938
000961
000963
001979
002001
002007
002008
002010
002024
002027
002032
002044
002050
002065
002081
002120
002142
002146
002153
002179
002202
002230
002236
002241
002252
002271
002294
002304
002310
002311
002352
002410
002411
002415
002422
002456
002460
002466
002468
002475
002493
002508
002555
002558
002594
002601
002602
002624
002625
002673
002714
002736
002739
002773
002925
002938
002939
002945
300003
300015
300017
300024
300033
300059
300070
300072
300122
300124
300136
300142
300144
300251
300296
300408
300413
300433
300498
600000
600004
600009
600010
600011
600015
600016
600018
600019
600023
600025
600027
600028
600029
600030
600031
600036
600038
600048
600050
600061
600066
600068
600085
600089
600100
600104
600109
600111
600115
600118
600153
600170
600176
600177
600188
600196
600208
600219
600221
600233
600271
600276
600297
600299
600309
600332
600339
600340
600346
600352
600362
600369
600372
600383
600390
600398
600406
600415
600436
600438
600482
600487
600489
600498
600516
600519
600522
600535
600547
600566
600570
600583
600585
600588
600606
600637
600660
600663
600674
600688
600690
600703
600704
600705
600733
600741
600760
600795
600809
600816
600837
600867
600886
600887
600893
600900
600919
600926
600958
600977
600998
600999
601006
601009
601012
601018
601021
601066
601088
601108
601111
601117
601138
601155
601162
601166
601169
601186
601198
601211
601212
601216
601225
601228
601229
601238
601288
601298
601318
601319
601328
601336
601360
601377
601390
601398
601555
601577
601600
601601
601607
601618
601628
601633
601668
601669
601688
601727
601766
601788
601800
601808
601818
601828
601838
601857
601877
601878
601881
601888
601898
601899
601901
601919
601933
601939
601985
601988
601989
601992
601997
601998
603019
603156
603160
603259
603260
603288
603799
603833
603858
603986
603993